Servo-motor
651 271
0
180°
2
-6.000000 0.000000
6.000000 0.000000
9
O
0.000000 0.000000 3.000000 2.000000
L
-6.000000 0.000000 -4.000000 0.000000
L
6.000000 0.000000 4.000000 0.000000
L
-4.000000 -1.000000 -4.000000 1.000000
L
4.000000 -1.000000 4.000000 1.000000
L
-4.000000 -1.000000 -2.550000 -1.000000
L
-4.000000 1.000000 -2.550000 1.000000
L
4.000000 -1.000000 2.550000 -1.000000
L
4.000000 1.000000 2.550000 1.000000
1

Condensator-polarizat
472 255
0
100uF
2
-1.000000 0.000000
1.000000 0.000000
8
L
-1.000000 0.000000 0.000000 0.000000
L
0.000000 -1.000000 0.000000 1.000000
L
0.250000 0.000000 1.000000 0.000000
L
0.250000 -0.250000 0.250000 0.250000
L
0.500000 -0.750000 0.250000 -0.250000
L
0.500000 0.750000 0.250000 0.250000
L
0.500000 -0.750000 0.750000 -1.000000
L
0.500000 0.750000 0.750000 1.000000
1

Rezistenta
334 242
0
220ohm
2
-2.000000 0.000000
2.000000 0.000000
3
L
-2.000000 0.000000 -1.000000 0.000000
L
1.000000 0.000000 2.000000 0.000000
R
-1.000000 -0.500000 1.000000 0.500000
1

