Baterie
423 244
0
12V
2
-2.000000 0.000000
2.000000 0.000000
6
L
-2.000000 0.000000 -1.000000 0.000000
L
-1.000000 -0.500000 -1.000000 0.500000
L
0.000000 -0.500000 0.000000 0.500000
L
-0.500000 -1.000000 -0.500000 1.000000
L
0.500000 -1.000000 0.500000 1.000000
L
0.500000 0.000000 2.000000 0.000000
1

Rezistenta
678 311
0
220ohm
2
-2.000000 0.000000
2.000000 0.000000
3
L
-2.000000 0.000000 -1.000000 0.000000
L
1.000000 0.000000 2.000000 0.000000
R
-1.000000 -0.500000 1.000000 0.500000
1

Nod
656 311
0
-
1
0.000000 0.000000
0
1

Nod
628 466
0
-
1
0.000000 0.000000
0
2

Nod
879 363
0
-
1
0.000000 0.000000
0
3

Nod
697 311
0
-
1
0.000000 0.000000
0
4

Rezistenta
158 303
0
220ohm
2
-2.000000 0.000000
2.000000 0.000000
3
L
-2.000000 0.000000 -1.000000 0.000000
L
1.000000 0.000000 2.000000 0.000000
R
-1.000000 -0.500000 1.000000 0.500000
2

Nod
176 300
0
-
1
0.000000 0.000000
0
5

Rezistenta
417 521
0
220ohm
2
-2.000000 0.000000
2.000000 0.000000
3
L
-2.000000 0.000000 -1.000000 0.000000
L
1.000000 0.000000 2.000000 0.000000
R
-1.000000 -0.500000 1.000000 0.500000
3

Nod
399 521
0
-
1
0.000000 0.000000
0
6

Rezistenta
230 562
0
220ohm
2
-2.000000 0.000000
2.000000 0.000000
3
L
-2.000000 0.000000 -1.000000 0.000000
L
1.000000 0.000000 2.000000 0.000000
R
-1.000000 -0.500000 1.000000 0.500000
4

Nod
208 562
0
-
1
0.000000 0.000000
0
7

