Dioda
116 146
0
500ohm
2
-2.000000 0.000000
1.500000 0.000000
6
L
0.000000 0.000000 -1.500000 -0.750000
L
0.000000 0.000000 -1.500000 0.750000
L
-1.500000 -0.750000 -1.500000 0.750000
L
0.000000 -1.000000 0.000000 1.000000
L
0.000000 0.000000 1.500000 0.000000
L
-2.000000 0.000000 -1.500000 0.000000
1

Dioda-Zenner
365 207
0
0.7V
2
-1.500000 0.000000
1.000000 0.000000
8
L
0.000000 -0.900000 0.000000 0.900000
L
0.000000 -0.900000 0.330000 -0.900000
L
0.000000 0.900000 -0.330000 0.900000
L
0.000000 0.000000 1.000000 0.000000
L
-1.500000 0.000000 -1.000000 0.000000
L
0.000000 0.000000 -1.000000 -0.900000
L
0.000000 0.000000 -1.000000 0.900000
L
-1.000000 -0.900000 -1.000000 0.900000
1

Nod
347 206
0
-
1
0.000000 0.000000
0
1

Rezistenta
601 185
0
220ohm
2
-2.000000 0.000000
2.000000 0.000000
3
L
-2.000000 0.000000 -1.000000 0.000000
L
1.000000 0.000000 2.000000 0.000000
R
-1.000000 -0.500000 1.000000 0.500000
1

Nod
576 184
0
-
1
0.000000 0.000000
0
2

Rezistenta
538 300
0
220ohm
2
-2.000000 0.000000
2.000000 0.000000
3
L
-2.000000 0.000000 -1.000000 0.000000
L
1.000000 0.000000 2.000000 0.000000
R
-1.000000 -0.500000 1.000000 0.500000
2

Nod
560 305
0
-
1
0.000000 0.000000
0
3

Nod
376 211
0
-
1
0.000000 0.000000
0
4

