Condensator
630 317
0
50uF
2
-1.000000 0.000000
1.500000 0.000000
4
L
-1.000000 0.000000 0.000000 0.000000
L
0.000000 -1.000000 0.000000 1.000000
L
0.500000 0.000000 1.500000 0.000000
L
0.500000 -1.000000 0.500000 1.000000
1

Condensator
831 288
0
50uF
2
-1.000000 0.000000
1.500000 0.000000
4
L
-1.000000 0.000000 0.000000 0.000000
L
0.000000 -1.000000 0.000000 1.000000
L
0.500000 0.000000 1.500000 0.000000
L
0.500000 -1.000000 0.500000 1.000000
2

Condensator
1056 292
0
50uF
2
-1.000000 0.000000
1.500000 0.000000
4
L
-1.000000 0.000000 0.000000 0.000000
L
0.000000 -1.000000 0.000000 1.000000
L
0.500000 0.000000 1.500000 0.000000
L
0.500000 -1.000000 0.500000 1.000000
3

Rezistenta
900 493
0
220ohm
2
-2.000000 0.000000
2.000000 0.000000
3
L
-2.000000 0.000000 -1.000000 0.000000
L
1.000000 0.000000 2.000000 0.000000
R
-1.000000 -0.500000 1.000000 0.500000
1

Condensator
1314 319
0
50uF
2
-1.000000 0.000000
1.500000 0.000000
4
L
-1.000000 0.000000 0.000000 0.000000
L
0.000000 -1.000000 0.000000 1.000000
L
0.500000 0.000000 1.500000 0.000000
L
0.500000 -1.000000 0.500000 1.000000
4

