0
Condensator-polarizat
587 303
0
100uF
2
-1.000000 0.000000
1.000000 0.000000
8

-1.000000 0.000000 0.000000 0.000000

0.000000 -1.000000 0.000000 1.000000

0.250000 0.000000 1.000000 0.000000

0.250000 -0.250000 0.250000 0.250000

0.500000 -0.750000 0.250000 -0.250000

0.500000 0.750000 0.250000 0.250000

0.500000 -0.750000 0.750000 -1.000000

0.500000 0.750000 0.750000 1.000000
1

0
Servo-motor
372 337
0
180°
2
-6.000000 0.000000
6.000000 0.000000
9

0.000000 0.000000 3.000000 2.000000

-6.000000 0.000000 -4.000000 0.000000

6.000000 0.000000 4.000000 0.000000

-4.000000 -1.000000 -4.000000 1.000000

4.000000 -1.000000 4.000000 1.000000

-4.000000 -1.000000 -2.550000 -1.000000

-4.000000 1.000000 -2.550000 1.000000

4.000000 -1.000000 2.550000 -1.000000

4.000000 1.000000 2.550000 1.000000
1

