0
Condensator-polarizat
579 345
0
100uF
2
-1.000000 0.000000
1.000000 0.000000
8
L
-1.000000 0.000000 0.000000 0.000000
L
0.000000 -1.000000 0.000000 1.000000
L
0.250000 0.000000 1.000000 0.000000
L
0.250000 -0.250000 0.250000 0.250000
L
0.500000 -0.750000 0.250000 -0.250000
L
0.500000 0.750000 0.250000 0.250000
L
0.500000 -0.750000 0.750000 -1.000000
L
0.500000 0.750000 0.750000 1.000000
1

0
Poarta-Si-Nu
291 334
0
0.7V
3
-3.000000 -1.000000
-3.000000 1.000000
4.000000 0.000000
8
A
1.000000 0.000000 1.500000 0.000000
L
-2.000000 -1.500000 1.000000 -1.500000
L
-2.000000 1.500000 1.000000 1.500000
L
-2.000000 -1.500000 -2.000000 1.500000
L
-2.000000 -1.000000 -2.500000 -1.000000
L
-2.000000 1.000000 -2.500000 1.000000
L
3.000000 0.000000 4.000000 0.000000
O
2.750000 0.000000 0.350000 0.350000
1

0
Rezistenta
423 539
0
220ohm
2
-2.000000 0.000000
2.000000 0.000000
3
L
-2.000000 0.000000 -1.000000 0.000000
L
1.000000 0.000000 2.000000 0.000000
R
-1.000000 -0.500000 1.000000 0.500000
1

