Rezistenta
910 304
0
220ohm
2
-2.000000 0.000000
2.000000 0.000000
3
L
-2.000000 0.000000 -1.000000 0.000000
L
1.000000 0.000000 2.000000 0.000000
R
-1.000000 -0.500000 1.000000 0.500000
1

Rezistenta
596 173
0
220ohm
2
-2.000000 0.000000
2.000000 0.000000
3
L
-2.000000 0.000000 -1.000000 0.000000
L
1.000000 0.000000 2.000000 0.000000
R
-1.000000 -0.500000 1.000000 0.500000
2

Nod
767 443
0
-
1
0.000000 0.000000
0
1

Nod
178 448
0
-
1
0.000000 0.000000
0
2

Dioda
258 158
0
500ohm
2
-2.000000 0.000000
1.500000 0.000000
6
L
0.000000 0.000000 -1.500000 -0.750000
L
0.000000 0.000000 -1.500000 0.750000
L
-1.500000 -0.750000 -1.500000 0.750000
L
0.000000 -1.000000 0.000000 1.000000
L
0.000000 0.000000 1.500000 0.000000
L
-2.000000 0.000000 -1.500000 0.000000
1

Poarta-Si-Nu
579 574
1
0.7V
3
-3.000000 -1.000000
-3.000000 1.000000
4.000000 0.000000
8
A
1.000000 0.000000 1.500000 0.000000
L
-2.000000 -1.500000 1.000000 -1.500000
L
-2.000000 1.500000 1.000000 1.500000
L
-2.000000 -1.500000 -2.000000 1.500000
L
-2.000000 -1.000000 -2.500000 -1.000000
L
-2.000000 1.000000 -2.500000 1.000000
L
3.000000 0.000000 4.000000 0.000000
O
2.750000 0.000000 0.350000 0.350000
1

Rezistenta
542 416
1
220ohm
2
-2.000000 0.000000
2.000000 0.000000
3
L
-2.000000 0.000000 -1.000000 0.000000
L
1.000000 0.000000 2.000000 0.000000
R
-1.000000 -0.500000 1.000000 0.500000
3

Rezistenta
352 627
2
220ohm
2
-2.000000 0.000000
2.000000 0.000000
3
L
-2.000000 0.000000 -1.000000 0.000000
L
1.000000 0.000000 2.000000 0.000000
R
-1.000000 -0.500000 1.000000 0.500000
4

Dioda
184 619
1
500ohm
2
-2.000000 0.000000
1.500000 0.000000
6
L
0.000000 0.000000 -1.500000 -0.750000
L
0.000000 0.000000 -1.500000 0.750000
L
-1.500000 -0.750000 -1.500000 0.750000
L
0.000000 -1.000000 0.000000 1.000000
L
0.000000 0.000000 1.500000 0.000000
L
-2.000000 0.000000 -1.500000 0.000000
2

Dioda
749 178
1
500ohm
2
-2.000000 0.000000
1.500000 0.000000
6
L
0.000000 0.000000 -1.500000 -0.750000
L
0.000000 0.000000 -1.500000 0.750000
L
-1.500000 -0.750000 -1.500000 0.750000
L
0.000000 -1.000000 0.000000 1.000000
L
0.000000 0.000000 1.500000 0.000000
L
-2.000000 0.000000 -1.500000 0.000000
3

Dioda
931 593
2
500ohm
2
-2.000000 0.000000
1.500000 0.000000
6
L
0.000000 0.000000 -1.500000 -0.750000
L
0.000000 0.000000 -1.500000 0.750000
L
-1.500000 -0.750000 -1.500000 0.750000
L
0.000000 -1.000000 0.000000 1.000000
L
0.000000 0.000000 1.500000 0.000000
L
-2.000000 0.000000 -1.500000 0.000000
4

Dioda
776 575
3
500ohm
2
-2.000000 0.000000
1.500000 0.000000
6
L
0.000000 0.000000 -1.500000 -0.750000
L
0.000000 0.000000 -1.500000 0.750000
L
-1.500000 -0.750000 -1.500000 0.750000
L
0.000000 -1.000000 0.000000 1.000000
L
0.000000 0.000000 1.500000 0.000000
L
-2.000000 0.000000 -1.500000 0.000000
5

Nod
158 291
0
-
1
0.000000 0.000000
0
3

