Dioda-Zenner
789 378
0
0.7V
2
-1.500000 0.000000
1.000000 0.000000
8
L
0.000000 -0.900000 0.000000 0.900000
L
0.000000 -0.900000 0.330000 -0.900000
L
0.000000 0.900000 -0.330000 0.900000
L
0.000000 0.000000 1.000000 0.000000
L
-1.500000 0.000000 -1.000000 0.000000
L
0.000000 0.000000 -1.000000 -0.900000
L
0.000000 0.000000 -1.000000 0.900000
L
-1.000000 -0.900000 -1.000000 0.900000
1

Nod
1320 656
0
-
1
0.000000 0.000000
0
1

Nod
489 590
0
-
1
0.000000 0.000000
0
2

Dioda-Zenner
290 340
1
0.7V
2
-1.500000 0.000000
1.000000 0.000000
8
L
0.000000 -0.900000 0.000000 0.900000
L
0.000000 -0.900000 0.330000 -0.900000
L
0.000000 0.900000 -0.330000 0.900000
L
0.000000 0.000000 1.000000 0.000000
L
-1.500000 0.000000 -1.000000 0.000000
L
0.000000 0.000000 -1.000000 -0.900000
L
0.000000 0.000000 -1.000000 0.900000
L
-1.000000 -0.900000 -1.000000 0.900000
2

Dioda
288 593
2
500ohm
2
-2.000000 0.000000
1.500000 0.000000
6
L
0.000000 0.000000 -1.500000 -0.750000
L
0.000000 0.000000 -1.500000 0.750000
L
-1.500000 -0.750000 -1.500000 0.750000
L
0.000000 -1.000000 0.000000 1.000000
L
0.000000 0.000000 1.500000 0.000000
L
-2.000000 0.000000 -1.500000 0.000000
1

