Baterie
177 169
0
12V
2
-2.000000 0.000000
2.000000 0.000000
6
L
-2.000000 0.000000 -1.000000 0.000000
L
-1.000000 -0.500000 -1.000000 0.500000
L
0.000000 -0.500000 0.000000 0.500000
L
-0.500000 -1.000000 -0.500000 1.000000
L
0.500000 -1.000000 0.500000 1.000000
L
0.500000 0.000000 2.000000 0.000000
1

Rezistenta
887 187
0
220ohm
2
-2.000000 0.000000
2.000000 0.000000
3
L
-2.000000 0.000000 -1.000000 0.000000
L
1.000000 0.000000 2.000000 0.000000
R
-1.000000 -0.500000 1.000000 0.500000
1

Nod
597 333
0
-
1
0.000000 0.000000
0
1

Nod
800 505
0
-
1
0.000000 0.000000
0
2

Dioda-Zenner
223 406
1
0.7V
2
-1.500000 0.000000
1.000000 0.000000
8
L
0.000000 -0.900000 0.000000 0.900000
L
0.000000 -0.900000 0.330000 -0.900000
L
0.000000 0.900000 -0.330000 0.900000
L
0.000000 0.000000 1.000000 0.000000
L
-1.500000 0.000000 -1.000000 0.000000
L
0.000000 0.000000 -1.000000 -0.900000
L
0.000000 0.000000 -1.000000 0.900000
L
-1.000000 -0.900000 -1.000000 0.900000
1

Dioda
477 543
2
500ohm
2
-2.000000 0.000000
1.500000 0.000000
6
L
0.000000 0.000000 -1.500000 -0.750000
L
0.000000 0.000000 -1.500000 0.750000
L
-1.500000 -0.750000 -1.500000 0.750000
L
0.000000 -1.000000 0.000000 1.000000
L
0.000000 0.000000 1.500000 0.000000
L
-2.000000 0.000000 -1.500000 0.000000
1

