                int board[8][8] = {
                    {5, 3, 4, 9, 7, 4, 3, 5},
                    {1, 1, 1, 1, 1, 1, 1, 1},
                    {0, 0, 0, 0, 0, 0, 0, 0},
                    {0, 0, 0, 0, 0, 0, 0, 0},
                    {0, 0, 0, 0, 0, 0, 0, 0},
                    {0, 0, 0, 0, 0, 0, 0, 0},
                    {-1, -1, -1, -1, -1, -1, -1, -1},
                    {-5, -3, -4, -9, -7, -4, -3, -5}};



                                    int board[8][8] = {
                    {5, 0, 0, 0, 7, 0, 0, 5},
                    {0, 0, 0, 0, 0, 0, 0, 0},
                    {0, 0, 0, 0, 0, 0, 0, 0},
                    {0, 0, 0, 0, 0, 0, 0, 0},
                    {0, 0, 0, 0, 0, 0, 0, 0},
                    {0, 0, 0, 0, 0, 0, 0, 0},
                    {0, 0, 0, 0, 0, 0, 0, 0},
                    {-5, 0, 0, 0, -7, 0, 0, -5}};



                                    int board[8][8] = {
                    {5, 3, 4, 9, 7, 4, 3, 5},
                    {0, 0, 0, 0, 0, 0, 0, 0},
                    {0, 0, 0, 0, 0, 0, 0, 0},
                    {0, 0, 0, 0, 0, 0, 0, 0},
                    {0, 0, 0, 0, 0, 0, 0, 0},
                    {0, 0, 0, 0, 0, 0, 0, 0},
                    {0, 0, 0, 0, 0, 0, 0, 0},
                    {-5, -3, -4, -9, -7, -4, -3, -5}};